S_ref = 0.48392; %飞行器特征面积
R_0 = 6378245;%地球半径
miu = 3.9860044*10e6 ;  %地球重力常数
omega = 7.2921*10e-5; %地球自转角速度
rou_0 = 1.225; %海平面空气密度
H = 7200;  %大气密度计算常值